703.95 483.724 0 0 0
684.153 483.818 0 12 0
664.692 483.883 0 24 0
645.044 483.976 0 36 0
625.366 483.954 0 48 0
605.932 484.068 0 60 0
586.206 484.11 0 72 0
566.816 484.184 0 84 0
547.16 484.227 0 96 0
704 503.134 12 0 0
684.133 503.133 12 12 0
664.632 503.189 12 24 0
645.009 503.388 12 36 0
625.305 503.367 12 48 0
605.85 503.447 12 60 0
586.078 503.597 12 72 0
566.653 503.711 12 84 0
547.095 503.747 12 96 0
704 522.866 24 0 0
684.156 522.911 24 12 0
664.569 522.965 24 24 0
644.932 522.932 24 36 0
625.305 522.955 24 48 0
605.532 523.023 24 60 0
585.976 523.044 24 72 0
566.479 523.117 24 84 0
546.945 523.185 24 96 0
704.022 542.48 36 0 0
684.153 542.452 36 12 0
664.56 542.535 36 24 0
644.904 542.388 36 36 0
625.148 542.568 36 48 0
605.425 542.874 36 60 0
585.89 542.794 36 72 0
566.194 542.686 36 84 0
546.84 542.773 36 96 0
703.956 562.111 48 0 0
684.116 562.113 48 12 0
664.553 562.15 48 24 0
644.749 562.272 48 36 0
624.955 562.305 48 48 0
605.262 562.2 48 60 0
585.838 562.162 48 72 0
566.044 562.179 48 84 0
546.835 562.295 48 96 0
703.932 581.932 60 0 0
684.087 581.913 60 12 0
664.48 581.978 60 24 0
644.786 582.031 60 36 0
624.956 582 60 48 0
605.111 581.956 60 60 0
585.52 581.978 60 72 0
565.956 582.024 60 84 0
546.541 582 60 96 0
703.975 601.777 72 0 0
684.087 601.855 72 12 0
664.378 601.633 72 24 0
644.678 601.707 72 36 0
624.911 601.844 72 48 0
605.078 601.745 72 60 0
585.402 601.598 72 72 0
565.868 601.808 72 84 0
546.47 601.829 72 96 0
704 621.542 84 0 0
684.065 621.628 84 12 0
664.354 621.571 84 24 0
644.5 621.5 84 36 0
624.757 621.429 84 48 0
605.017 621.38 84 60 0
585.276 621.391 84 72 0
565.598 621.402 84 84 0
546.13 621.337 84 96 0
703.953 641.245 96 0 0
684.112 641.112 96 12 0
664.156 641.089 96 24 0
644.5 641.096 96 36 0
624.714 641.068 96 48 0
605 641 96 60 0
585.101 640.979 96 72 0
565.446 640.895 96 84 0
546.066 640.815 96 96 0
