879.844 477.911 0 0 0
860 477.913 0 12 0
840.313 477.905 0 24 0
820.844 477.911 0 36 0
801.097 477.905 0 48 0
781.479 477.883 0 60 0
761.889 477.955 0 72 0
742.156 477.911 0 84 0
722.692 477.883 0 96 0
879.974 497.164 12 0 0
860.24 497.216 12 12 0
840.627 497.195 12 24 0
820.89 497.206 12 36 0
801.178 497.139 12 48 0
781.602 497.154 12 60 0
761.911 497.156 12 72 0
742.153 497.182 12 84 0
722.655 497.164 12 96 0
880.192 516.868 24 0 0
860.431 516.965 24 12 0
840.889 516.956 24 24 0
821.029 516.84 24 36 0
801.478 516.863 24 48 0
781.635 516.762 24 60 0
761.926 516.862 24 72 0
742.265 516.892 24 84 0
722.712 516.842 24 96 0
880.377 536.5 36 0 0
860.658 536.342 36 12 0
840.944 536.393 36 24 0
821.145 536.274 36 36 0
801.399 536.352 36 48 0
781.863 536.478 36 60 0
762 536.387 36 72 0
742.379 536.255 36 84 0
722.84 536.227 36 96 0
880.553 556.046 48 0 0
860.889 556.044 48 12 0
841.111 556.044 48 24 0
821.468 556.023 48 36 0
801.555 556.087 48 48 0
781.866 556 48 60 0
762.134 556 48 72 0
742.431 555.965 48 84 0
723 556 48 96 0
880.889 575.956 60 0 0
861.042 575.89 60 12 0
841.192 575.868 60 24 0
821.576 575.945 60 36 0
801.684 575.684 60 48 0
781.937 575.754 60 60 0
762.146 575.649 60 72 0
742.453 575.61 60 84 0
722.904 575.612 60 96 0
881 595.5 72 0 0
861.253 595.543 72 12 0
841.5 595.5 72 24 0
821.634 595.476 72 36 0
801.955 595.5 72 48 0
781.963 595.378 72 60 0
762.24 595.318 72 72 0
742.518 595.3 72 84 0
723.02 595.229 72 96 0
881.115 615.242 84 0 0
861.5 615.402 84 12 0
841.63 615.227 84 24 0
821.854 615.213 84 36 0
802 615.134 84 48 0
782.087 615.087 84 60 0
762.35 615.041 84 72 0
742.52 615.022 84 84 0
723.046 615.046 84 96 0
881.365 634.95 96 0 0
861.63 634.927 96 12 0
841.858 634.916 96 24 0
821.932 634.932 96 36 0
802.134 634.839 96 48 0
782.134 634.839 96 60 0
762.368 634.811 96 72 0
742.633 634.712 96 84 0
723.055 634.5 96 96 0
